constants
---------
ETA: 0.1
G: 6.6743e-08
K_B: 1.3807e-16
MU: 0.6
M_SUN: 1.989e+33
M_U: 1.66053907e-24
R_SUN: 69570000000.0
VISCOSITY_COEFF: 1862197.3929236499

global_parameters
-----------------
ADVECTION_ON: 1
BFIELD_ON: 0
CENTRAL_ORDER: 2
CFL_CUT: 0.1
CZ_START: 0.71
DEL_AD: 0.4
FLOAT_PRECISION: 1
GAMMA: 1.6666666666666667
GAS_PRESSURE_ON: 1
GRAVITY_ON: 1
GS_MAX_ITER: 500000000
GS_TOL: 1e-05
MAX_DT: 1000.0
NABLA_AD: 0.4
NX: 400
NY: 200
NZ: 200
R_END: 0.98
R_START: 0.88
SAVE_INTERVAL: 10.0
SUPERAD_PARAM: 0.0001
THERMAL_DIFFUSIVITY_ON: 1
TIME_ORDER: 1
UNITS: 0
UPWIND_ORDER: 1
VISCOSITY_ON: 1
X_SIZE: 0.1
Y_SIZE: 0.1
p_step: 0.1

